2.0 0.0825838 0.12650561 0.03833275 0.023608064
1.0 0.74235433 0.013306946 0.03200779 0.026613891
2.0 0.0826871 0.73366463 0.03690808 0.022392463
1.0 0.59396046 0.6062447 0.038683128 0.043798827
3.0 0.14336523 0.37230283 0.05827899 0.031136608
1.0 0.74241054 0.61349916 0.030248452 0.038348578
3.0 0.1422244 0.97861946 0.05586047 0.02980404
5.0 0.8996645 0.55823964 0.04180603 0.041017342
3.0 0.32802355 0.079085305 0.020775508 0.053583454
3.0 0.32861757 0.6854637 0.022296334 0.05039425
1.0 0.5912768 0.012064964 0.040317155 0.021413064
1.0 0.585245 0.011772575 0.054398917 0.023036275
