5 0.757114 0.396192 0.055430 0.056362
5 0.340579 0.601929 0.055528 0.055510
5 0.944146 0.821945 0.054337 0.054616
3 0.767560 0.291893 0.028926 0.045917
4 0.828832 0.180788 0.058482 0.058626
4 0.411822 0.385770 0.059888 0.059794
3 0.349617 0.497694 0.029409 0.045218
3 0.953854 0.717877 0.030192 0.046147
0 0.591036 0.784817 0.024355 0.029156
5 0.445533 0.772900 0.033359 0.033934
1 0.242100 0.914626 0.034453 0.030317
1 0.351183 0.867256 0.024655 0.029275
2 0.907935 0.566102 0.029067 0.019007
4 0.993484 0.608482 0.013032 0.050667
3 0.721455 0.139689 0.028710 0.019614
5 0.993362 0.608884 0.013198 0.051716