3 0.750166 0.601392 0.060707 0.033166
2 0.808238 0.776939 0.052201 0.041547
3 0.196097 0.611054 0.065721 0.039402
5 0.759924 0.975988 0.081169 0.048024
5 0.206486 0.981734 0.089389 0.036532
2 0.926424 0.570166 0.038564 0.041135
2 0.255164 0.785729 0.052104 0.040394
2 0.369572 0.581035 0.042123 0.042449
2 0.191816 0.350611 0.031590 0.031794
2 0.842016 0.081068 0.033979 0.023058
2 0.289803 0.088992 0.033476 0.028638
2 0.747228 0.339287 0.031301 0.033076
2 0.673856 0.463019 0.029283 0.048261
3 0.673376 0.462723 0.026435 0.047787
3 0.119093 0.470721 0.023999 0.042724