2 0.338515 0.373642 0.051090 0.070257
1 0.735396 0.515724 0.042403 0.033383
2 0.285202 0.917695 0.051389 0.064511
3 0.285219 0.726633 0.053820 0.051366
2 0.827334 0.856862 0.051925 0.067180
1 0.192667 0.576122 0.037813 0.034705
1 0.213452 0.076029 0.024591 0.032704
3 0.339957 0.180941 0.055216 0.053679
3 0.713465 0.309552 0.053417 0.029665
1 0.246629 0.030647 0.041891 0.035608
3 0.829519 0.665920 0.054276 0.055101
1 0.703454 0.561044 0.024481 0.032683
3 0.914857 0.026021 0.018360 0.045778
1 0.161403 0.622271 0.023402 0.031531
2 0.681066 0.095063 0.032230 0.020109