4 0.782358 0.240302 0.054224 0.060285
5 0.650038 0.068219 0.050190 0.054324
3 0.692604 0.162239 0.015763 0.050244
2 0.532139 0.693871 0.034543 0.038913
2 0.202305 0.014407 0.025500 0.028294
1 0.109922 0.665400 0.030220 0.037601
3 0.283885 0.801088 0.023204 0.029292
2 0.127377 0.186740 0.029898 0.033450
1 0.608660 0.523309 0.025540 0.028811
1 0.127007 0.186345 0.029271 0.034073
1 0.185391 0.491915 0.026412 0.032518
1 0.301965 0.324855 0.017341 0.027746
3 0.707746 0.322543 0.028902 0.013873
1 0.707746 0.833526 0.017341 0.034682