0 0.635185 0.116296 0.048116 0.041185
0 0.379165 0.560874 0.047806 0.041439
0 0.589025 0.238615 0.037901 0.030072
0 0.167967 0.273866 0.038306 0.029655
2 0.488820 0.366902 0.043087 0.036474
2 0.657065 0.776820 0.038225 0.035525
0 0.213181 0.150283 0.046577 0.041660
0 0.334391 0.684427 0.036811 0.029931
0 0.755353 0.648824 0.038088 0.029685
2 0.069672 0.400352 0.035433 0.033107
0 0.801343 0.525380 0.047105 0.042082
2 0.238350 0.809443 0.034129 0.033099
2 0.627916 0.612912 0.025284 0.020875
1 0.207446 0.649183 0.027773 0.022084
1 0.039390 0.239165 0.026805 0.020219
1 0.461891 0.202525 0.025009 0.021791