1 0.688869 0.948465 0.042099 0.035271
3 0.795742 0.779661 0.053110 0.053875
2 0.812452 0.577280 0.052148 0.073542
3 0.786055 0.215857 0.053722 0.053650
2 0.804529 0.025182 0.048962 0.050363
2 0.256157 0.582314 0.052737 0.068347
1 0.133317 0.952698 0.041802 0.035550
3 0.240525 0.786748 0.053759 0.052085
3 0.230149 0.221184 0.057168 0.054356
2 0.247136 0.027863 0.054683 0.055726
1 0.125602 0.389191 0.038574 0.034410
1 0.103839 0.904870 0.025142 0.032378
1 0.095073 0.344011 0.025006 0.035564
1 0.660001 0.903941 0.024058 0.033212
1 0.679527 0.382721 0.039503 0.036215
1 0.651098 0.341618 0.031214 0.040462