5 0.234046 0.059179 0.081633 0.075642
5 0.905877 0.500445 0.081276 0.075587
3 0.954025 0.886416 0.061656 0.025882
3 0.855897 0.345180 0.061557 0.026618
3 0.281572 0.446261 0.062346 0.026338
2 0.778710 0.179895 0.048567 0.034061
2 0.103802 0.503402 0.032644 0.039746
2 0.875381 0.721811 0.048583 0.034454
2 0.204533 0.280750 0.047770 0.034652
2 0.678382 0.401800 0.031437 0.037078
2 0.776406 0.942759 0.029542 0.039327
1 0.309758 0.700756 0.024629 0.025823
2 0.231938 0.978245 0.026200 0.017251
2 0.373054 0.570879 0.024494 0.042125