2 0.255779 0.752640 0.042717 0.036777
2 0.755779 0.752641 0.042733 0.036789
2 0.255774 0.252650 0.042714 0.036801
2 0.755770 0.252649 0.042725 0.036815
5 0.197276 0.945679 0.074295 0.068831
5 0.697273 0.945679 0.074302 0.068840
5 0.197282 0.445838 0.074699 0.069391
5 0.697272 0.445842 0.074708 0.069395
3 0.214400 0.094158 0.053612 0.031672
3 0.714401 0.094155 0.053610 0.031665
3 0.214357 0.594064 0.053508 0.031665
3 0.714356 0.594063 0.053509 0.031663
2 0.374788 0.068106 0.030453 0.035788
2 0.874788 0.068105 0.030501 0.035838
2 0.374782 0.568112 0.030547 0.035837
2 0.874784 0.568114 0.030556 0.035844