5 0.219454 0.852054 0.059793 0.059035
5 0.234164 0.412091 0.060213 0.059264
5 0.675064 0.421790 0.062714 0.058266
5 0.658767 0.861396 0.059615 0.058100
3 0.700287 0.112361 0.042987 0.026502
3 0.261247 0.103391 0.044919 0.027679
2 0.717585 0.693310 0.033623 0.031309
3 0.686637 0.553662 0.043604 0.027344
2 0.841491 0.094078 0.024235 0.029041
2 0.291484 0.243114 0.032830 0.030170
2 0.401420 0.081965 0.025475 0.029819
2 0.278929 0.682931 0.037487 0.033085
2 0.387965 0.523289 0.026225 0.028601
2 0.828512 0.531581 0.024977 0.027879
3 0.247554 0.542833 0.042715 0.026204
2 0.731122 0.251632 0.032559 0.027892