4 0.902004 0.624452 0.075996 0.076715
4 0.298573 0.616073 0.075837 0.074036
0 0.918078 0.390949 0.062571 0.062264
0 0.799718 0.210252 0.049758 0.044938
0 0.196617 0.200725 0.051543 0.046906
2 0.604418 0.027680 0.066879 0.049590
0 0.314125 0.383060 0.066044 0.061047
2 0.039145 0.825836 0.025953 0.036300
2 0.567545 0.845999 0.031520 0.049635
4 0.304899 0.794409 0.028696 0.029882
1 0.638469 0.277967 0.035268 0.030218
2 0.644149 0.833129 0.023382 0.035339
1 0.033482 0.269080 0.035055 0.031592
4 0.909361 0.802850 0.029408 0.026312
2 0.013956 0.024755 0.027911 0.033489